1 (1),0
1 (10),1
1 (100),2
1 (1000),3
1 (1001),4
1 (1002),5
1 (1003),6
1 (1004),7
1 (1005),8
1 (1006),9
1 (1007),10
1 (1008),11
1 (1009),12
1 (101),13
1 (1010),14
1 (1011),15
1 (1012),16
1 (1013),17
1 (1014),18
1 (1015),19
1 (1016),20
1 (1017),21
1 (1018),22
1 (1019),23
1 (102),24
1 (1020),25
1 (1021),26
1 (1022),27
1 (1023),28
1 (1024),29
1 (1025),30
1 (1026),31
1 (1027),32
1 (1028),33
1 (1029),34
1 (103),35
1 (1030),36
1 (1031),37
1 (1032),38
1 (1033),39
1 (1034),40
1 (1035),41
1 (1036),42
1 (1037),43
1 (1038),44
1 (1039),45
1 (104),46
1 (1040),47
1 (1041),48
1 (1042),49
1 (1043),50
1 (1044),51
1 (1045),52
1 (1046),53
1 (1047),54
1 (1048),55
1 (1049),56
1 (105),57
1 (1050),58
1 (1051),59
1 (1052),60
1 (1053),61
1 (1054),62
1 (1055),63
1 (1056),64
1 (1057),65
1 (1058),66
1 (1059),67
1 (106),68
1 (1060),69
1 (1061),70
1 (1062),71
1 (1063),72
1 (1064),73
1 (1065),74
1 (1066),75
1 (1067),76
1 (1068),77
1 (1069),78
1 (107),79
1 (1070),80
1 (1071),81
1 (1072),82
1 (1073),83
1 (1074),84
1 (1075),85
1 (1076),86
1 (1077),87
1 (1078),88
1 (1079),89
1 (108),90
1 (1080),91
1 (1081),92
1 (1082),93
1 (1083),94
1 (1084),95
1 (1085),96
1 (1086),97
1 (1087),98
1 (1088),99
1 (1089),100
1 (109),101
1 (1090),102
1 (1091),103
1 (1092),104
1 (1093),105
1 (1094),106
1 (1095),107
1 (1096),108
1 (1097),109
1 (1098),110
1 (1099),111
1 (11),112
1 (110),113
1 (1100),114
1 (1101),115
1 (1102),116
1 (1103),117
1 (1104),118
1 (1105),119
1 (1106),120
1 (1107),121
1 (1108),122
1 (1109),123
1 (111),124
1 (1110),125
1 (1111),126
1 (1112),127
1 (1113),128
1 (1114),129
1 (1115),130
1 (1116),131
1 (1117),132
1 (1118),133
1 (1119),134
1 (112),135
1 (1120),136
1 (1121),137
1 (1122),138
1 (1123),139
1 (1124),140
1 (1125),141
1 (1126),142
1 (1127),143
1 (1128),144
1 (1129),145
1 (113),146
1 (1130),147
1 (1131),148
1 (1132),149
1 (1133),150
1 (1134),151
1 (1135),152
1 (1136),153
1 (1137),154
1 (1138),155
1 (1139),156
1 (114),157
1 (1140),158
1 (1141),159
1 (1142),160
1 (1143),161
1 (1144),162
1 (1145),163
1 (1146),164
1 (1147),165
1 (1148),166
1 (1149),167
1 (115),168
1 (1150),169
1 (1151),170
1 (1152),171
1 (1153),172
1 (1154),173
1 (1155),174
1 (1156),175
1 (1157),176
1 (1158),177
1 (1159),178
1 (116),179
1 (1160),180
1 (1161),181
1 (1162),182
1 (1163),183
1 (1164),184
1 (1165),185
1 (1166),186
1 (1167),187
1 (1168),188
1 (1169),189
1 (117),190
1 (1170),191
1 (1171),192
1 (1172),193
1 (1173),194
1 (1174),195
1 (1175),196
1 (1176),197
1 (1177),198
1 (1178),199
1 (1179),200
1 (118),201
1 (1180),202
1 (1181),203
1 (1182),204
1 (1183),205
1 (1184),206
1 (1185),207
1 (1186),208
1 (1187),209
1 (1188),210
1 (1189),211
1 (119),212
1 (1190),213
1 (1191),214
1 (1192),215
1 (1193),216
1 (1194),217
1 (1195),218
1 (1196),219
1 (1197),220
1 (1198),221
1 (1199),222
1 (12),223
1 (120),224
1 (1200),225
1 (1201),226
1 (1202),227
1 (1203),228
1 (1204),229
1 (1205),230
1 (1206),231
1 (1207),232
1 (1208),233
1 (1209),234
1 (121),235
1 (1210),236
1 (1211),237
1 (1212),238
1 (1213),239
1 (1214),240
1 (1215),241
1 (1216),242
1 (1217),243
1 (1218),244
1 (1219),245
1 (122),246
1 (1220),247
1 (1221),248
1 (1222),249
1 (1223),250
1 (1224),251
1 (1225),252
1 (1226),253
1 (1227),254
1 (1228),255
1 (1229),256
1 (123),257
1 (1230),258
1 (1231),259
1 (1232),260
1 (1233),261
1 (1234),262
1 (1235),263
1 (1236),264
1 (1237),265
1 (1238),266
1 (1239),267
1 (124),268
1 (1240),269
1 (1241),270
1 (1242),271
1 (1243),272
1 (1244),273
1 (1245),274
1 (1246),275
1 (1247),276
1 (1248),277
1 (1249),278
1 (125),279
1 (1250),280
1 (1251),281
1 (6629),282
1 (663),283
1 (6630),284
1 (6631),285
1 (6632),286
1 (6633),287
1 (6634),288
1 (6639),289
1 (664),290
1 (6640),291
1 (6641),292
1 (6642),293
1 (6643),294
1 (6644),295
1 (6645),296
1 (6646),297
1 (6647),298
1 (6648),299
1 (6649),300
1 (665),301
1 (6650),302
1 (6651),303
1 (6652),304
1 (6653),305
1 (6654),306
1 (6655),307
1 (6656),308
1 (6657),309
1 (6658),310
1 (6659),311
1 (666),312
1 (6660),313
1 (6661),314
1 (6662),315
1 (6663),316
1 (6664),317
1 (6665),318
1 (6666),319
1 (6667),320
1 (6668),321
1 (6669),322
1 (667),323
1 (6670),324
1 (6671),325
1 (6672),326
1 (6673),327
1 (6674),328
1 (6675),329
1 (6676),330
1 (6677),331
1 (6678),332
1 (6679),333
1 (668),334
1 (6680),335
1 (6681),336
1 (6682),337
1 (6683),338
1 (6684),339
1 (6685),340
1 (6686),341
1 (6687),342
1 (6688),343
1 (6689),344
1 (669),345
1 (6690),346
1 (6691),347
1 (6692),348
1 (6693),349
1 (6694),350
1 (6695),351
1 (6696),352
1 (6697),353
1 (6698),354
1 (6699),355
1 (67),356
1 (670),357
1 (6700),358
1 (6701),359
1 (6702),360
1 (6703),361
1 (6704),362
1 (6705),363
1 (6706),364
1 (6707),365
1 (6708),366
1 (6709),367
1 (671),368
1 (6710),369
1 (6711),370
1 (6712),371
1 (6713),372
1 (6714),373
1 (6715),374
1 (6716),375
1 (6717),376
1 (6718),377
1 (6719),378
1 (672),379
1 (6720),380
1 (6721),381
1 (6722),382
1 (6723),383
1 (6724),384
1 (6725),385
1 (6726),386
1 (6727),387
1 (6728),388
1 (6729),389
1 (673),390
1 (6730),391
1 (6731),392
1 (6732),393
1 (6733),394
1 (6734),395
1 (6735),396
1 (6736),397
1 (6737),398
1 (6738),399
1 (6739),400
1 (674),401
1 (6740),402
1 (6741),403
1 (6742),404
1 (6743),405
1 (6744),406
1 (6745),407
1 (6746),408
1 (6747),409
1 (6748),410
1 (6749),411
1 (675),412
1 (6750),413
1 (6751),414
1 (6752),415
1 (6753),416
1 (6754),417
1 (6755),418
1 (6756),419
1 (6757),420
1 (6758),421
1 (6759),422
1 (676),423
1 (6760),424
1 (6761),425
1 (6762),426
1 (6763),427
1 (6764),428
1 (6765),429
1 (6766),430
1 (6767),431
1 (6768),432
1 (6769),433
1 (677),434
1 (6770),435
1 (6771),436
1 (6772),437
1 (6773),438
1 (6774),439
1 (6775),440
1 (6776),441
1 (6777),442
1 (6778),443
1 (6779),444
1 (678),445
1 (6780),446
1 (6781),447
1 (6782),448
1 (6783),449
1 (6784),450
1 (6785),451
1 (6786),452
1 (6787),453
1 (6788),454
1 (6789),455
1 (679),456
1 (6790),457
1 (6791),458
1 (6792),459
1 (6793),460
1 (6794),461
1 (6795),462
1 (6796),463
1 (6797),464
1 (6798),465
1 (6799),466
1 (68),467
1 (680),468
1 (6800),469
1 (6801),470
1 (6802),471
1 (6803),472
1 (6804),473
1 (6805),474
1 (6806),475
1 (6807),476
1 (6808),477
1 (6809),478
1 (681),479
1 (6810),480
1 (6811),481
1 (6812),482
1 (6813),483
1 (6814),484
1 (6815),485
1 (6816),486
1 (6817),487
1 (6818),488
1 (6819),489
1 (682),490
1 (6820),491
1 (6821),492
1 (6822),493
1 (6823),494
1 (6824),495
1 (6825),496
1 (6826),497
1 (6827),498
1 (6828),499
1 (6829),500
1 (683),501
1 (6830),502
1 (6831),503
1 (6832),504
1 (6833),505
1 (6834),506
1 (6835),507
1 (6836),508
1 (6837),509
1 (6838),510
1 (6839),511
1 (684),512
1 (6840),513
1 (6841),514
1 (6842),515
1 (6843),516
1 (6844),517
1 (6845),518
1 (6846),519
1 (6847),520
1 (6848),521
1 (6849),522
1 (685),523
1 (6850),524
1 (6851),525
1 (6852),526
1 (6853),527
1 (6854),528
1 (6855),529
1 (6856),530
1 (6857),531
1 (6858),532
1 (6859),533
1 (686),534
1 (6860),535
1 (6861),536
1 (6862),537
1 (6863),538
1 (6864),539
1 (6865),540
1 (6866),541
1 (6867),542
1 (6868),543
1 (6869),544
1 (687),545
1 (6870),546
1 (6871),547
1 (6872),548
1 (6873),549
1 (6874),550
1 (6875),551
1 (6876),552
1 (6877),553
1 (6878),554
1 (6879),555
1 (688),556
1 (6880),557
1 (6881),558
1 (6882),559
1 (6883),560
1 (6884),561
1 (6885),562
1 (6886),563
1 (6887),564
1 (6888),565
1 (6889),566
1 (689),567
1 (6890),568
1 (6891),569
1 (6892),570
1 (6893),571
1 (6894),572
1 (6895),573
1 (6896),574
1 (6897),575
1 (6898),576
1 (6899),577
1 (69),578
1 (690),579
1 (6900),580
1 (6901),581
1 (6902),582
1 (6903),583
1 (6904),584
1 (6905),585
1 (6906),586
1 (6907),587
1 (6908),588
1 (6909),589
1 (691),590
1 (6910),591
1 (6911),592
1 (6912),593
1 (6913),594
1 (6914),595
1 (6915),596
1 (6916),597
1 (6917),598
1 (6918),599
1 (6919),600
1 (692),601
1 (6920),602
1 (6921),603
1 (6922),604
1 (6923),605
1 (6924),606
1 (6925),607
1 (6926),608
1 (6927),609
1 (6928),610
1 (6929),611
1 (693),612
1 (6930),613
1 (6931),614
1 (6932),615
1 (6933),616
1 (6934),617
1 (6935),618
1 (6936),619
1 (6937),620
1 (6938),621
1 (6939),622
1 (694),623
1 (6940),624
1 (6941),625
1 (6942),626
1 (6943),627
1 (6944),628
1 (6945),629
1 (6946),630
1 (6947),631
1 (6948),632
1 (6949),633
1 (695),634
1 (6950),635
1 (6951),636
1 (6952),637
1 (6953),638
1 (6954),639
1 (6955),640
1 (6956),641
1 (6957),642
1 (6958),643
1 (6959),644
1 (696),645
1 (6960),646
1 (6961),647
1 (6962),648
1 (6963),649
1 (6964),650
1 (6965),651
1 (6966),652
1 (6967),653
1 (6968),654
1 (6969),655
1 (697),656
1 (6970),657
1 (6971),658
1 (6972),659
1 (6973),660
1 (6974),661
1 (6975),662
1 (6976),663
1 (6977),664
1 (6978),665
1 (6979),666
1 (698),667
1 (6980),668
1 (6981),669
1 (6982),670
1 (6983),671
1 (6984),672
1 (6985),673
1 (6986),674
1 (6987),675
1 (6988),676
1 (6989),677
1 (699),678
1 (6990),679
1 (6991),680
1 (7),681
1 (70),682
1 (700),683
1 (701),684
1 (702),685
1 (703),686
1 (704),687
1 (705),688
1 (706),689
1 (707),690
1 (708),691
1 (709),692
1 (71),693
1 (710),694
1 (711),695
1 (712),696
1 (713),697
1 (714),698
1 (715),699
1 (716),700
1 (717),701
1 (718),702
1 (719),703
1 (72),704
1 (720),705
1 (721),706
1 (722),707
1 (723),708
1 (724),709
1 (725),710
1 (726),711
1 (727),712
1 (728),713
1 (729),714
1 (73),715
1 (730),716
1 (731),717
1 (732),718
1 (733),719
1 (734),720
1 (735),721
1 (736),722
1 (737),723
1 (738),724
1 (739),725
1 (74),726
1 (740),727
1 (741),728
1 (742),729
1 (743),730
1 (744),731
1 (745),732
1 (746),733
1 (747),734
1 (748),735
1 (749),736
1 (75),737
1 (750),738
1 (751),739
1 (752),740
1 (753),741
1 (754),742
1 (755),743
1 (756),744
1 (757),745
1 (758),746
1 (759),747
1 (76),748
1 (760),749
1 (761),750
1 (762),751
1 (763),752
1 (764),753
1 (765),754
1 (766),755
1 (767),756
1 (768),757
1 (769),758
1 (77),759
1 (770),760
1 (771),761
1 (772),762
1 (773),763
1 (774),764
1 (775),765
1 (776),766
1 (777),767
1 (778),768
1 (779),769
1 (78),770
1 (780),771
1 (781),772
1 (782),773
1 (783),774
1 (784),775
1 (785),776
1 (786),777
1 (787),778
1 (788),779
1 (789),780
1 (79),781
1 (790),782
1 (791),783
1 (792),784
1 (793),785
1 (794),786
1 (795),787
1 (796),788
1 (797),789
1 (798),790
1 (799),791
1 (8),792
1 (80),793
1 (800),794
1 (801),795
1 (802),796
1 (803),797
1 (804),798
1 (805),799
1 (806),800
1 (807),801
1 (808),802
1 (809),803
1 (81),804
1 (810),805
1 (811),806
1 (812),807
1 (813),808
1 (814),809
1 (815),810
1 (816),811
1 (817),812
1 (818),813
1 (819),814
1 (82),815
1 (820),816
1 (821),817
1 (822),818
1 (823),819
1 (824),820
1 (825),821
1 (826),822
1 (827),823
1 (828),824
1 (829),825
1 (83),826
1 (830),827
1 (831),828
1 (832),829
1 (833),830
1 (834),831
1 (835),832
1 (836),833
1 (837),834
1 (838),835
1 (839),836
1 (84),837
1 (840),838
1 (841),839
1 (842),840
1 (843),841
1 (844),842
1 (845),843
1 (846),844
1 (847),845
1 (848),846
1 (849),847
1 (85),848
1 (850),849
1 (851),850
1 (852),851
1 (853),852
1 (854),853
1 (855),854
1 (856),855
1 (857),856
1 (858),857
1 (859),858
1 (86),859
1 (860),860
1 (861),861
1 (862),862
1 (863),863
1 (864),864
1 (865),865
1 (866),866
1 (867),867
1 (868),868
1 (869),869
1 (87),870
1 (870),871
1 (871),872
1 (872),873
1 (873),874
1 (874),875
1 (875),876
1 (876),877
1 (877),878
1 (878),879
1 (879),880
1 (88),881
1 (880),882
1 (881),883
1 (882),884
1 (883),885
1 (884),886
1 (885),887
1 (886),888
1 (887),889
1 (888),890
1 (889),891
1 (89),892
1 (890),893
1 (891),894
1 (892),895
1 (893),896
1 (894),897
1 (895),898
1 (896),899
1 (897),900
1 (898),901
1 (899),902
1 (9),903
1 (90),904
1 (900),905
1 (901),906
1 (902),907
1 (903),908
1 (904),909
1 (905),910
1 (906),911
1 (907),912
1 (908),913
1 (909),914
1 (91),915
1 (910),916
1 (911),917
1 (912),918
1 (913),919
1 (914),920
1 (915),921
1 (916),922
1 (917),923
1 (918),924
1 (919),925
1 (92),926
1 (920),927
1 (921),928
1 (922),929
1 (923),930
1 (924),931
1 (925),932
1 (926),933
1 (927),934
1 (928),935
1 (929),936
1 (93),937
1 (930),938
1 (931),939
1 (932),940
1 (933),941
1 (934),942
1 (935),943
1 (936),944
1 (937),945
1 (938),946
1 (939),947
1 (94),948
1 (940),949
1 (941),950
1 (942),951
1 (943),952
1 (944),953
1 (945),954
1 (946),955
1 (947),956
1 (948),957
1 (949),958
1 (95),959
1 (950),960
1 (951),961
1 (952),962
1 (953),963
1 (954),964
1 (955),965
1 (956),966
1 (957),967
1 (958),968
1 (959),969
1 (96),970
1 (960),971
1 (961),972
1 (962),973
1 (963),974
1 (964),975
1 (965),976
1 (966),977
1 (967),978
1 (968),979
1 (969),980
1 (97),981
1 (970),982
1 (971),983
1 (972),984
1 (973),985
1 (974),986
1 (975),987
1 (976),988
1 (977),989
1 (978),990
1 (979),991
1 (98),992
1 (980),993
1 (981),994
1 (982),995
1 (983),996
1 (984),997
1 (985),998
1 (986),999
1 (987),1000
1 (988),1001
1 (989),1002
1 (99),1003
1 (990),1004
1 (991),1005
1 (992),1006
1 (993),1007
1 (994),1008
1 (995),1009
1 (996),1010
1 (997),1011
1 (998),1012
1 (999),1013
Jeremiah,1014
Jeremiah_2,1015
Jeremiah_3,1016
